HYPERPARAMETERS:
net: custom_net	epochs: 500	batchSize: 100	neuronsPerLayer: 10	learningRate: 0.1	activation: sigmoid

Classifier algorithm: custom_net
Classifier accuracy: 90.100000%
Classifier confusion matrix:
[[  909.     0.     8.    20.     0.    24.     8.     1.     4.     6.   980.]
 [    0.  1100.     2.     0.     0.     4.     3.    11.     4.     4.  1128.]
 [    7.     9.   927.    21.     5.     8.    10.    28.     8.     1.  1024.]
 [   11.     0.    27.   871.     0.    38.     9.     7.    21.    21.  1005.]
 [    1.     1.     9.     3.   915.     5.     9.    17.     8.    34.  1002.]
 [   31.     1.     1.    26.     4.   730.    14.     0.    50.     7.   864.]
 [   14.     5.    17.     7.    23.    29.   898.     3.    15.     3.  1014.]
 [    5.     2.    15.    13.     1.     5.     1.   920.     4.    19.   985.]
 [    1.    16.    22.    43.     4.    37.     6.     4.   847.    21.  1001.]
 [    1.     1.     4.     6.    30.    12.     0.    37.    13.   893.   997.]
 [  980.  1135.  1032.  1010.   982.   892.   958.  1028.   974.  1009. 10000.]]

Classifier F1 score matrix:
[[0.9276    nan    nan    nan    nan    nan    nan    nan    nan    nan]
 [   nan 0.9722    nan    nan    nan    nan    nan    nan    nan    nan]
 [   nan    nan 0.9018    nan    nan    nan    nan    nan    nan    nan]
 [   nan    nan    nan 0.8645    nan    nan    nan    nan    nan    nan]
 [   nan    nan    nan    nan 0.9224    nan    nan    nan    nan    nan]
 [   nan    nan    nan    nan    nan 0.8314    nan    nan    nan    nan]
 [   nan    nan    nan    nan    nan    nan 0.9108    nan    nan    nan]
 [   nan    nan    nan    nan    nan    nan    nan 0.9141    nan    nan]
 [   nan    nan    nan    nan    nan    nan    nan    nan 0.8577    nan]
 [   nan    nan    nan    nan    nan    nan    nan    nan    nan 0.8903]]
