HYPERPARAMETERS:
net: tf_net	epochs: 50	batchSize: 100	neuronsPerLayer: 512	learningRate: 0.1	activation: sigmoid

Classifier algorithm: tf_net
Classifier accuracy: 98.210000%
Classifier confusion matrix:
[[  970.     1.     2.     0.     1.     4.     3.     0.     2.     1.   984.]
 [    0.  1126.     2.     0.     1.     0.     2.     3.     0.     3.  1137.]
 [    3.     1.  1016.     8.     3.     0.     1.     6.     4.     1.  1043.]
 [    0.     1.     0.   987.     1.     8.     1.     1.     2.     5.  1006.]
 [    0.     0.     1.     0.   961.     1.     1.     0.     1.     6.   971.]
 [    0.     1.     0.     5.     0.   870.     3.     1.     1.     5.   886.]
 [    4.     2.     2.     0.     4.     4.   946.     0.     1.     1.   964.]
 [    1.     1.     4.     2.     2.     0.     0.  1010.     5.     4.  1029.]
 [    2.     2.     5.     4.     0.     3.     1.     4.   956.     4.   981.]
 [    0.     0.     0.     4.     9.     2.     0.     3.     2.   979.   999.]
 [  980.  1135.  1032.  1010.   982.   892.   958.  1028.   974.  1009. 10000.]]

Classifier F1 score matrix:
[[0.9878    nan    nan    nan    nan    nan    nan    nan    nan    nan]
 [   nan 0.9912    nan    nan    nan    nan    nan    nan    nan    nan]
 [   nan    nan 0.9793    nan    nan    nan    nan    nan    nan    nan]
 [   nan    nan    nan 0.9792    nan    nan    nan    nan    nan    nan]
 [   nan    nan    nan    nan 0.9841    nan    nan    nan    nan    nan]
 [   nan    nan    nan    nan    nan 0.9786    nan    nan    nan    nan]
 [   nan    nan    nan    nan    nan    nan 0.9844    nan    nan    nan]
 [   nan    nan    nan    nan    nan    nan    nan 0.982     nan    nan]
 [   nan    nan    nan    nan    nan    nan    nan    nan 0.978     nan]
 [   nan    nan    nan    nan    nan    nan    nan    nan    nan 0.9751]]
